# Basic Math
a <- 1+1

a/100
